processing frame number 1
corner from quad 1
51 48 42 35 72 75 27 51 43 33 29 40 49 37 27 37 40 30 22 23 26 26 31 34 28 23 24 26 38 33 27 29 37 42 37 35 29 27 31 40 42 40 27 21 21 29 36 37 37 

corner from quad 2
190 194 192 192 192 192 192 187 189 192 192 192 192 192 186 185 191 191 191 191 191 187 186 190 190 190 190 190 189 191 189 189 189 189 189 189 194 187 187 187 187 187 185 194 187 187 187 187 187 

corner from quad 3
84 75 68 71 64 64 63 50 55 68 83 77 75 70 36 33 49 72 92 88 83 52 29 33 54 75 75 73 41 33 42 58 62 64 68 40 58 72 76 80 83 85 77 85 83 84 97 94 92 

corner from quad 4
0 0 0 0 0 0 0 0 0 0 0 0 0 0 0 0 0 0 0 0 0 0 0 0 0 0 0 0 0 0 0 0 0 0 0 0 0 0 0 0 0 0 0 0 0 0 0 0 0 

processing frame number 2
corner from quad 1
54 49 44 38 54 73 50 47 47 37 30 34 44 43 29 31 38 35 26 22 24 28 28 33 30 26 23 24 38 35 29 28 33 40 40 35 31 28 29 35 41 41 26 23 21 24 33 36 37 

corner from quad 2
182 167 177 187 192 191 190 182 172 178 186 191 191 187 184 180 182 186 190 189 185 187 186 184 187 192 189 183 190 189 186 189 194 191 182 172 173 178 183 182 179 178 173 172 173 175 175 172 171 

corner from quad 3
49 55 63 77 79 76 72 37 31 38 58 82 90 85 59 40 29 42 64 75 73 50 40 41 54 59 63 65 37 48 64 72 78 82 84 64 82 85 82 92 98 95 69 88 83 71 80 84 86 

corner from quad 4
0 0 0 0 0 0 0 0 0 0 0 0 0 0 0 0 0 0 0 0 0 0 0 0 0 0 0 0 0 0 0 0 0 0 0 0 0 0 0 0 0 0 0 0 0 0 0 0 0 

processing frame number 3
corner from quad 1
49 47 47 37 30 34 44 31 29 31 38 35 26 22 26 28 28 33 30 26 23 35 38 35 29 28 33 40 36 35 31 28 29 35 41 27 26 23 21 24 33 36 28 29 24 20 26 36 42 

corner from quad 2
183 175 172 183 190 192 191 183 177 176 183 189 191 190 185 183 182 184 189 190 187 187 187 185 186 190 191 186 189 190 187 187 192 193 186 176 179 182 184 185 182 179 175 177 177 177 177 175 173 

corner from quad 3
59 51 36 35 62 78 80 64 56 41 38 55 65 69 42 41 47 59 66 71 73 51 59 69 73 84 90 92 61 77 84 78 79 86 88 66 79 79 70 70 76 79 77 77 71 69 77 82 84 

corner from quad 4
0 0 0 0 0 0 0 0 0 0 0 0 0 0 0 0 0 0 0 0 0 0 0 0 0 0 0 0 0 0 0 0 0 0 0 0 0 0 0 0 0 0 0 0 0 0 0 0 0 

processing frame number 4
corner from quad 1
44 36 36 41 37 29 29 27 29 30 31 33 30 26 28 33 34 30 29 30 31 37 35 34 31 29 30 36 33 29 28 27 27 29 35 24 29 28 20 20 31 38 26 40 36 21 22 42 49 

corner from quad 2
191 189 187 186 190 190 190 190 189 189 191 189 189 189 189 187 189 194 187 187 187 189 184 185 194 187 187 187 190 183 183 192 186 186 186 180 179 183 187 192 192 191 173 173 172 173 182 182 183 

corner from quad 3
59 63 54 37 40 56 66 50 43 43 50 57 64 69 50 48 56 65 70 80 86 49 58 75 82 82 83 90 57 65 78 78 73 73 79 76 76 76 70 65 73 78 86 78 75 73 70 79 82 

corner from quad 4
0 0 0 0 0 0 0 0 0 0 0 0 0 0 0 0 0 0 0 0 0 0 0 0 0 0 0 0 0 0 0 0 0 0 0 0 0 0 0 0 0 0 0 0 0 0 0 0 0 

processing frame number 5
corner from quad 1
49 45 38 35 41 43 47 21 29 30 31 35 33 29 14 15 19 23 24 20 15 28 22 20 17 17 17 16 28 22 20 17 16 17 20 34 28 24 20 17 19 17 54 42 31 22 20 20 20 

corner from quad 2
189 191 190 190 192 190 190 187 190 189 190 196 189 189 187 191 186 187 197 190 190 187 193 186 186 196 190 190 182 180 179 183 187 192 192 175 173 173 172 173 182 182 169 169 169 164 162 170 171 

corner from quad 3
62 52 47 45 54 61 66 59 49 44 50 68 73 79 52 51 58 72 78 80 86 49 50 59 76 85 82 79 77 70 70 71 70 65 69 95 85 76 70 73 69 79 87 82 76 72 72 70 75 

corner from quad 4
0 0 0 0 0 0 0 0 0 0 0 0 0 0 0 0 0 0 0 0 0 0 0 0 0 0 0 0 0 0 0 0 0 0 0 0 0 0 0 0 0 0 0 0 0 0 0 0 0 

processing frame number 6
corner from quad 1
31 27 29 30 31 33 30 43 28 33 34 30 29 30 49 37 35 34 31 29 30 34 33 29 28 27 27 29 23 24 29 28 20 20 31 28 26 40 36 21 22 42 30 38 35 31 48 72 77 

corner from quad 2
186 189 191 190 190 192 190 186 187 190 189 190 196 189 186 187 191 186 187 197 190 187 187 193 186 186 196 190 184 182 180 179 183 187 192 177 175 173 173 172 173 182 170 169 169 169 164 162 170 

corner from quad 3
56 51 52 68 70 76 79 47 48 54 73 80 83 79 75 73 68 73 73 70 68 99 91 77 72 76 75 76 92 86 73 71 76 75 75 88 87 83 82 58 38 40 85 85 83 76 44 24 24 

corner from quad 4
0 0 0 0 0 0 0 0 0 0 0 0 0 0 0 0 0 0 0 0 0 0 0 0 0 0 0 0 0 0 0 0 0 0 0 0 0 0 0 0 0 0 0 0 0 0 0 0 0 

processing frame number 7
corner from quad 1
56 35 29 33 31 29 29 62 44 37 36 34 31 31 48 37 35 33 31 30 31 29 26 28 30 26 21 27 24 24 30 36 27 20 30 24 24 26 35 37 41 51 26 34 43 37 31 50 77 

corner from quad 2
178 177 178 180 183 185 183 178 177 177 178 179 179 176 172 171 171 172 175 175 170 170 163 165 168 168 168 165 158 158 158 160 161 161 161 161 162 160 157 156 155 155 157 158 158 156 157 160 157 

corner from quad 3
61 52 50 62 68 75 79 52 54 59 79 80 79 79 63 63 65 76 76 71 70 87 79 70 69 70 71 75 94 84 71 71 76 78 84 91 85 75 73 64 59 63 88 87 78 66 41 28 28 

corner from quad 4
0 0 0 0 0 0 0 0 0 0 0 0 0 0 0 0 0 0 0 0 0 0 0 0 0 0 0 0 0 0 0 0 0 0 0 0 0 0 0 0 0 0 0 0 0 0 0 0 0 

processing frame number 8
corner from quad 1
68 50 37 35 35 33 31 64 51 42 38 37 35 35 43 36 33 33 31 28 28 23 23 24 29 27 21 22 23 22 23 31 38 38 43 23 34 41 37 29 40 66 24 21 37 57 54 45 58 

corner from quad 2
187 189 187 186 189 192 193 182 182 183 190 197 193 192 184 184 182 180 180 183 187 179 177 175 173 173 173 176 175 172 169 169 168 164 164 168 167 167 168 167 162 160 161 161 162 165 167 164 162 

corner from quad 3
45 47 49 57 78 82 82 54 61 58 68 77 75 69 85 87 78 72 70 69 69 94 98 84 69 70 77 80 88 95 82 72 72 65 62 85 86 78 80 68 40 26 90 90 88 84 62 34 22 

corner from quad 4
0 0 0 0 0 0 0 0 0 0 0 0 0 0 0 0 0 0 0 0 0 0 0 0 0 0 0 0 0 0 0 0 0 0 0 0 0 0 0 0 0 0 0 0 0 0 0 0 0 

processing frame number 9
corner from quad 1
72 63 42 36 43 41 30 49 43 31 29 36 34 24 28 26 22 24 30 27 20 21 21 26 30 33 36 43 22 30 36 38 35 36 52 29 27 26 44 59 54 49 22 27 31 43 59 66 61 

corner from quad 2
184 186 189 187 187 189 192 185 185 185 185 189 193 193 184 183 183 183 185 189 189 180 182 180 178 177 177 178 182 183 180 178 177 177 175 175 175 173 171 172 171 167 162 162 162 162 164 164 161 

corner from quad 3
80 84 79 75 70 69 68 88 97 90 77 70 73 79 83 94 91 80 76 72 68 87 91 87 87 83 62 41 84 88 88 83 77 48 26 72 87 88 86 69 41 26 62 79 83 92 64 34 23 

corner from quad 4
0 0 0 0 0 0 0 0 0 0 0 0 0 0 0 0 0 0 0 0 0 0 0 0 0 0 0 0 0 0 0 0 0 0 0 0 0 0 0 0 0 0 0 0 0 0 0 0 0 

processing frame number 10
corner from quad 1
45 49 43 31 29 36 34 29 28 26 22 24 30 27 26 21 21 26 30 33 36 21 22 30 36 38 35 36 21 29 27 26 44 59 54 15 22 27 31 43 59 66 19 16 30 47 43 34 41 

corner from quad 2
169 170 171 170 168 168 171 170 169 171 173 173 173 171 161 158 162 164 162 161 165 161 160 162 163 161 160 158 164 160 157 157 158 157 160 170 168 164 162 161 161 158 116 116 112 108 111 116 120 

corner from quad 3
87 86 88 84 76 70 71 93 87 92 90 78 72 72 94 84 91 88 84 79 66 88 85 90 87 85 79 55 72 78 87 88 84 72 44 54 66 83 85 88 66 37 43 59 76 80 94 63 34 

corner from quad 4
0 0 0 0 0 0 0 0 0 0 0 0 0 0 0 0 0 0 0 0 0 0 0 0 0 0 0 0 0 0 0 0 0 0 0 0 0 0 0 0 0 0 0 0 0 0 0 0 0 

processing frame number 11
corner from quad 1
44 54 50 36 29 23 21 34 52 70 70 50 27 20 27 36 59 79 68 42 30 22 26 42 65 72 52 33 19 24 26 41 51 36 14 22 22 16 22 31 30 19 24 22 20 22 30 41 40 

corner from quad 2
172 170 169 171 173 173 172 162 161 158 162 164 162 161 164 161 160 162 163 161 162 167 164 160 157 157 158 160 169 170 168 164 162 161 158 116 116 116 112 108 111 108 0 0 0 0 0 0 0 

corner from quad 3
100 93 86 97 87 77 72 100 90 76 90 88 86 79 101 92 84 90 87 76 72 84 79 82 88 86 76 61 65 61 77 84 87 80 50 52 48 72 77 86 86 44 48 44 69 72 85 87 48 

corner from quad 4
0 0 0 0 0 0 0 0 0 0 0 0 0 0 0 0 0 0 0 0 0 0 0 0 0 0 0 0 0 0 0 0 0 0 0 0 0 0 0 0 0 0 0 0 0 0 0 0 0 

processing frame number 12
corner from quad 1
28 28 27 24 24 26 29 23 23 22 23 28 33 34 21 21 23 27 30 36 44 17 17 22 26 28 36 51 22 20 17 23 34 41 44 38 36 29 26 34 41 37 56 55 47 34 28 30 35 

corner from quad 2
169 171 175 179 182 180 178 172 171 172 177 178 177 175 161 161 164 169 171 170 169 161 161 161 161 161 161 161 158 160 160 158 158 158 160 160 157 156 154 154 154 154 109 111 114 118 119 118 114 

corner from quad 3
101 80 80 88 87 79 71 95 84 77 84 83 80 69 90 82 80 84 83 75 58 73 69 79 85 86 72 50 58 56 75 85 90 73 45 50 50 70 82 91 75 44 45 48 63 73 85 73 48 

corner from quad 4
0 0 0 0 0 0 0 0 0 0 0 0 0 0 0 0 0 0 0 0 0 0 0 0 0 0 0 0 0 0 0 0 0 0 0 0 0 0 0 0 0 0 0 0 0 0 0 0 0 

processing frame number 13
corner from quad 1
24 22 20 17 21 27 33 26 26 27 28 28 26 24 22 19 22 29 31 27 21 13 9 8 13 22 31 37 31 34 29 22 22 31 42 61 66 63 52 40 31 29 71 68 68 66 57 38 23 

corner from quad 2
173 173 173 173 173 173 173 167 167 167 167 167 167 167 158 158 158 158 158 158 158 162 162 162 162 162 162 162 146 146 146 146 146 146 146 109 109 109 109 109 109 109 0 0 0 0 0 0 0 

corner from quad 3
111 92 86 75 82 86 87 101 87 85 82 87 88 78 86 68 75 85 92 91 68 80 50 61 82 91 93 64 77 44 55 77 88 92 65 59 34 56 69 79 84 66 50 29 49 49 61 70 69 

corner from quad 4
0 0 0 0 0 0 0 0 0 0 0 0 0 0 0 0 0 0 0 0 0 0 0 0 0 0 0 0 0 0 0 0 0 0 0 0 0 0 0 0 0 0 0 0 0 0 0 0 0 

processing frame number 14
corner from quad 1
42 38 52 48 45 41 34 35 33 35 36 33 28 26 31 28 31 35 31 28 26 27 24 29 33 31 29 27 26 26 29 30 29 29 28 27 29 29 28 28 29 30 27 29 28 26 28 30 31 

corner from quad 2
0 0 0 0 0 0 0 0 0 0 0 0 0 0 0 0 0 0 0 0 0 0 0 0 0 0 0 0 0 0 0 0 0 0 0 0 0 0 0 0 0 0 0 0 0 0 0 0 0 

corner from quad 3
94 79 71 79 88 91 79 92 58 55 71 86 92 78 101 49 49 65 83 90 78 97 41 44 62 73 82 75 75 37 38 49 55 65 69 59 47 40 34 36 51 64 73 45 30 34 35 35 49 

corner from quad 4
0 0 0 0 0 0 0 0 0 0 0 0 0 0 0 0 0 0 0 0 0 0 0 0 0 0 0 0 0 0 0 0 0 0 0 0 0 0 0 0 0 0 0 0 0 0 0 0 0 

processing frame number 15
corner from quad 1
24 23 22 22 22 24 27 24 22 22 26 28 27 24 21 16 15 20 26 29 29 23 23 21 20 21 28 35 45 50 50 44 36 34 34 69 70 70 65 57 45 30 63 63 64 58 51 45 41 

corner from quad 2
164 161 160 162 164 162 160 151 144 142 148 154 155 153 115 106 104 111 121 116 113 0 0 0 0 0 0 0 0 0 0 0 0 0 0 0 0 0 0 0 0 0 0 0 0 0 0 0 0 

corner from quad 3
99 91 69 63 76 87 92 98 94 54 52 69 85 91 100 97 45 47 64 78 86 88 84 40 42 56 64 73 66 65 42 40 42 45 58 50 70 40 34 33 30 38 52 80 64 42 33 31 27 

corner from quad 4
0 0 0 0 0 0 0 0 0 0 0 0 0 0 0 0 0 0 0 0 0 0 0 0 0 0 0 0 0 0 0 0 0 0 0 0 0 0 0 0 0 0 0 0 0 0 0 0 0 

processing frame number 16
corner from quad 1
36 30 26 27 26 26 38 36 31 27 26 23 19 29 34 30 27 24 21 16 20 28 27 24 23 21 22 20 26 26 23 21 22 28 24 28 28 24 20 23 30 31 35 34 27 20 23 28 36 

corner from quad 2
165 165 164 164 164 164 164 161 158 158 158 158 158 158 154 153 153 153 153 153 153 114 112 109 109 109 109 109 0 0 0 0 0 0 0 0 0 0 0 0 0 0 0 0 0 0 0 0 0 

corner from quad 3
82 95 78 54 59 77 91 78 98 76 47 54 71 85 71 86 66 42 48 59 72 57 65 58 42 40 43 55 44 59 56 36 31 30 34 49 66 76 55 37 30 29 59 75 99 79 44 29 27 

corner from quad 4
0 0 0 0 0 0 0 0 0 0 0 0 0 0 0 0 0 0 0 0 0 0 0 0 0 0 0 0 0 0 0 0 0 0 0 0 0 0 0 0 0 0 0 0 0 0 0 0 0 

processing frame number 17
corner from quad 1
50 36 31 27 26 23 19 48 34 30 27 24 21 16 37 28 27 24 23 21 22 41 26 26 23 21 22 28 37 28 28 24 20 23 30 29 35 34 27 20 23 28 36 36 31 26 23 27 30 

corner from quad 2
113 119 108 99 106 113 118 0 0 0 0 0 0 0 0 0 0 0 0 0 0 0 0 0 0 0 0 0 0 0 0 0 0 0 0 0 0 0 0 0 0 0 0 0 0 0 0 0 0 

corner from quad 3
43 79 93 51 36 55 57 38 66 69 43 40 50 37 40 50 68 52 27 28 30 48 50 68 70 44 30 30 57 57 79 100 75 36 26 65 72 92 116 92 44 26 65 86 93 108 94 58 35 

corner from quad 4
0 0 0 0 0 0 0 0 0 0 0 0 0 0 0 0 0 0 0 0 0 0 0 0 0 0 0 0 0 0 0 0 0 0 0 0 0 0 0 0 0 0 0 0 0 0 0 0 0 

processing frame number 18
corner from quad 1
24 22 21 21 20 19 20 26 33 41 47 45 41 38 42 52 62 65 65 61 55 50 57 62 64 63 58 55 43 47 51 57 59 54 48 55 54 52 59 65 65 61 62 54 45 47 54 58 61 

corner from quad 2
99 113 119 108 99 106 113 0 0 0 0 0 0 0 0 0 0 0 0 0 0 0 0 0 0 0 0 0 0 0 0 0 0 0 0 0 0 0 0 0 0 0 0 0 0 0 0 0 0 

corner from quad 3
40 45 71 80 48 37 52 45 41 56 73 44 34 42 56 44 42 75 54 28 34 64 51 44 76 77 50 33 68 58 61 79 104 82 34 66 63 82 87 113 95 48 65 63 88 95 106 87 57 

corner from quad 4
0 0 0 0 0 0 0 0 0 0 0 0 0 0 0 0 0 0 0 0 0 0 0 0 0 0 0 0 0 0 0 0 0 0 0 0 0 0 0 0 0 0 0 0 0 0 0 0 0 

processing frame number 19
corner from quad 1
23 26 33 41 47 45 41 40 42 52 62 65 65 61 49 52 59 64 66 65 58 37 42 45 50 56 58 54 48 51 50 49 56 62 65 64 61 52 44 45 52 58 61 58 50 41 35 33 34 

corner from quad 2
0 0 0 0 0 0 0 0 0 0 0 0 0 0 0 0 0 0 0 0 0 0 0 0 0 0 0 0 0 0 0 0 0 0 0 0 0 0 0 0 0 0 0 0 0 0 0 0 0 

corner from quad 3
66 50 42 52 64 36 27 70 58 49 59 79 64 42 71 63 62 72 95 95 61 71 65 70 83 97 102 70 72 64 75 93 99 97 72 76 66 78 98 92 86 68 77 70 77 86 71 72 59 

corner from quad 4
0 0 0 0 0 0 0 0 0 0 0 0 0 0 0 0 0 0 0 0 0 0 0 0 0 0 0 0 0 0 0 0 0 0 0 0 0 0 0 0 0 0 0 0 0 0 0 0 0 

processing frame number 20
corner from quad 1
35 36 43 57 68 72 69 47 50 56 63 66 68 62 35 38 44 50 55 61 56 48 50 49 47 49 54 63 61 61 57 49 47 52 55 59 59 54 44 36 33 33 48 59 62 56 49 41 47 

corner from quad 2
106 113 119 121 119 115 111 0 0 0 0 0 0 0 0 0 0 0 0 0 0 0 0 0 0 0 0 0 0 0 0 0 0 0 0 0 0 0 0 0 0 0 0 0 0 0 0 0 0 

corner from quad 3
65 41 38 52 62 31 24 73 52 44 58 79 62 37 71 61 57 70 98 94 52 65 64 66 82 99 101 62 75 63 73 94 100 93 64 83 64 80 101 91 80 62 72 66 82 92 69 64 55 

corner from quad 4
0 0 0 0 0 0 0 0 0 0 0 0 0 0 0 0 0 0 0 0 0 0 0 0 0 0 0 0 0 0 0 0 0 0 0 0 0 0 0 0 0 0 0 0 0 0 0 0 0 
